4695;195;118;123;Carcassonne;x
4707;86;92;128;Rosenheim;x
4708;136;148;128;Freising;x
4709;71;104;32;Passau;x
4710;48;231;108;Bregenz;x
4711;226;210;106;Donauwörth;x
4713;185;110;79;Urach;x
4714;139;150;128;Durlach;x
4722;33;178;172;Illanz;x
4729;111;248;124;Padova;x
4731;50;217;66;Spoleto;x
4734;239;33;241;Avellino;x
4735;77;22;255;Arborea;x
4736;255;193;247;Trapani;x
4742;24;36;126;Nordhausen;x
4744;35;63;199;Zwickau;x
4747;111;118;8;Dramburg;x
4748;170;79;248;Brandenburg;x
4754;177;229;130;Kotor;x
4757;133;229;130;Kolubara;x
4759;220;54;163;Upper Carinthia;x
4760;194;192;231;Innviertel;x
4761;154;237;147;Traungau;x
4763;238;230;38;Alps6;x
4765;255;253;196;Mulhouse;x
4771;52;36;48;Verden;x
4772;228;189;115;Celle;x
4778;32;31;94;Görlitz;x
4779;124;10;162;Gallipoli;x



4785;98;179;208;Sheffield;x
4789;254;145;124;Segovia;x


7902 > 4695
10535 > 4707
10534 > 4708
10574 > 4709
3053 > 4710
10587 > 4711
3204/10548 > 4713
10551 > 4714
10086 > 4722
7077 > 4729
7023 > 4731
7010 > 4734
5090 > 4735
7000 > 4736
10529 > 4742
10526 > 4744
7822 > 4747
10568 > 4748
3184 ??
7716 > 4757 ??
10573 > 4759 
10532 > 4760
10583 > 4761
EXTRA ALP WASTELAND TO USE > Dolomites
10525 > 4763
7943 > 4765
10591 > 54
54 > 4771
10592 > 4772
10560 > 4778
7135 > 4779

10359 > 4785 ####
4552 > 4789 ###
10026 > 4552 ###

-- -- -- --

WORK WITH LEROI with the 4 Transvaal provinces

4781;197;9;45;Transvaal;x
4782;45;197;9;Tswana;x
4783;9;45;197;Swazi;x
4784;135;45;9;Upper Limpopo;x


4367 > 245
245 > ?????
10350 > 4367

Do research for Strasburg Alsace bishopric...

-- -- -- -- -- -- 

3005 3006 3008 3009 3014 3015 3019 3028 3034 3036 3039 3040 
3042 3045 3051 3054 3058 3060 3063 3064 3066 3068 3070 3071 
3073 3077 3081 3083 3085 3087 3089 3099 3104 3108 3110 3111 
3112 3113 3114 3115 3117 3118 3119 3120 3121 3122 3123 3124 
3128 3134 3135 3136 3137 3142 3146 3148 3151 3152 3154 3156 
3157 3159 3160 3164 3165 3168 3169 3170 3174 3177 3179 3180 
3182 3185 3191 3193 3194 3195 3199 3200 3201 3203 3204 3207 
3209 3220 3221 3223 3224 3225 3226 3227 3229 3230 3231 3238 
3239 3241 3242 3243 3244 3245 3246 3247 3248 3250 3251 3253 
3254 3256 3261 3262 3263 3264 3265 3266 3267 3268 3270 3271 
3272 3273 3276 3277 3278 3279 3280 3281 3282 3284 3285 3287 
3288 3289 3290 3291 3292 3293 3294 3301 3302 3303


10600 > 7969
10602 > 7965
10603 > 7966
10604 > 7947
10610 > 7946 x
10613 > 7959
10615 > 7971
10620 > 7988
10621 > 7989
10623 > 7991
10631 > 7925
10632 > 7931
10634 > 7930
10635 > 7923
10636 > 7924
10642 > 7905
10647 > 7892 
10654 > 7963 
10655 > 7927
10658 > 7967
10659 > 7910
10661 > 7955
10662 > 7950
10663 > 7956
10664 > 4776 / 3075 x
10666 > 7932
10669 > 4392 3091 x
10676 > 7921
10677 > 7919

10648 >>>

>10624 
>10625
>10626
>10628
>10630
>10633
>10637
>10638
>10639

7889;150;50;223;Andorra
7890;150;100;23;Frejus
7891;150;100;98;Draguignanii
7892;150;100;173;AmyzCut
7893;150;100;248;AixenProvence
7894;150;100;48;Arles
7895;150;100;123;AmyzCut
7896;150;100;198;AmyzCut
7897;150;100;73;AmyzCut
7898;150;100;148;UzesAles
7899;150;100;223;Vivaraisii
7900;150;150;23;AmyzCut
7901;150;150;98;Castres
7902;150;150;173;CUT130
7903;150;150;248;AmyzCut 
7904;150;150;48;AmyzCut
7905;150;150;123;AmyzCut
7906;150;150;198;Gevaudan
7907;150;150;73;Montauban
7908;150;150;148;Annonay
7909;150;150;223;StEtienne
7910;150;200;23;AmyzCut
7911;150;200;98;Beaujolais
7912;150;200;173;AmyzCut
7913;150;200;248;AmyzCut
7914;150;200;48;Thiers
7915;150;200;123;AmyzCut
7916;150;200;198;AmyzCut
7917;150;200;73;AmyzCut
7918;150;200;148;AmyzCut
7919;150;200;223;AmyzCut
7920;200;50;23;AmyzCut
7921;200;50;98;AmyzCut
7922;200;50;173;AmyzCut
7923;200;50;248;AmyzCut
7924;200;50;48;AmyzCut
7925;200;50;123;AmyzCut
7926;200;50;198;AmyzCut
7927;200;50;73;AmyzCut
7928;200;50;148;AmyzCut
7929;200;50;223;AmyzCut
7930;200;150;23;AmyzCut
7931;200;150;98;AmyzCut
7932;5;5;200;AmyzCut
7933;200;150;248;Niort
7934;200;150;48;Chatellerault
7935;200;150;123;Chinon
7936;200;150;198;Loches
7937;200;150;73;AmyzCut
7938;200;150;148;Chalon
7939;200;150;223;Cuiseaux
7940;50;50;22;StClaude
7941;50;50;97;Dole
7942;50;50;172;Montbeliard
7943;150;1;1;CUT130
7944;50;50;47;Haguenau
7945;50;50;122;Sarrebourg
7946;50;50;197;Epinal
7947;50;50;72;Toul
7948;50;50;147;AmyzCut
7949;50;50;222;Sarreguemines
7950;50;100;22;AmyzCut
7951;50;100;97;Semur
7952;50;100;172;AmyzCut
7953;50;100;247;AmyzCut
7954;50;100;47;AmyzCut
7955;50;100;122;AmyzCut
7956;50;100;197;AmyzCut
7957;50;100;72;AmyzCut
7958;50;100;147;AmyzCut
7959;50;100;222;AmyzCut
7960;50;150;22;Hurepoix
7961;50;150;97;AmyzCut
7962;50;150;172;Mantois
7963;50;150;247;AmyzCut
7964;50;150;47;AmyzCut
7965;50;150;122;AmyzCut
7966;50;150;197;AmyzCut
7967;50;150;72;AmyzCut
7968;50;150;147;AmyzCut
7969;50;150;222;AmyzCut
7970;50;200;22;Vexin
7971;50;200;97;AmyzCut
7972;50;200;172;Harfleur
7973;50;200;247;AmyzCut
7974;50;200;47;AmyzCut
7975;50;200;122;AmyzCut
7976;50;200;197;AmyzCut
7977;50;200;72;AmyzCut
7978;50;200;147;AmyzCut
7979;50;200;222;Vendome
7980;100;50;22;Perche
7981;100;50;97;Dreux
7982;100;50;172;Lisieux
7983;100;50;247;Falaise
7984;100;50;47;Bessin
7985;100;50;122;Mortain
7986;100;50;197;Coutance
7987;100;50;72;Avranchin
7988;100;50;147;AmyzCut
7989;100;50;222;AmyzCut
7990;100;150;22;Cholet
7991;100;150;97;AmyzCut
7992;100;150;172;Retz
7993;100;150;247;AncenisChateaubriant
7994;100;150;47;FougeresVitre
7995;100;150;122;StMalo
7996;100;150;197;Ploermel
7997;100;150;72;Rohan
7998;100;150;147;Poher
7999;100;150;222;Treger
8000;150;50;22;Deloy Chet
8001;150;50;97;Ggaal Doh
8002;150;50;172;Neviarcaurluq
8003;150;50;247;Kingigin
8004;150;50;47;Napaaqtugmiut
8005;150;50;122;Nautaagmiut
8006;150;50;197;Kochuk
8007;150;50;72;Hohudodetlaatl Denh
8008;150;50;147;Menhti
8009;150;50;222;Taatsaltey
8010;150;100;22;Jalkiitsik
8011;150;100;97;Anaqtuuvak
8012;150;100;172;Kugmiut
8013;150;100;247;Guerande
8014;150;100;47;AmyzCut
8015;150;100;122;AmyzCut
8016;150;100;197;AmyzCut
8017;150;100;72;Cuijk
8018;150;100;147;AmyzCut
8019;150;100;222;Leuven
8020;150;150;22;AmyzCut
8021;150;150;97;AmyzCut
8022;150;150;172;AmyzCut
8023;150;150;247;AmyzCut
8024;150;150;47;AmyzCut
8025;150;150;122;AmyzCut
8026;150;150;197;AmyzCut
8027;150;150;72;AmyzCut
8028;150;150;147;Autun
8029;150;150;222;Pontarlier
8030;150;200;22;Luxeuil
8031;150;200;97;AmyzCut
8032;150;200;172;AmyzCut
8033;150;200;247;AmyzCut
8034;150;200;47;Campoo
8035;150;200;122;Llanes
8036;150;200;197;Arevalo
8037;150;200;72;Aviles
8038;150;200;147;Eonavia
8039;150;200;222;Tineo
8040;200;50;22;Mondenedo
8041;200;50;97;Betanzos
8042;200;50;172;AmyzCut
8043;200;50;247;AmyzCut
8044;200;50;47;AmyzCut
8045;200;50;122;AmyzCut
8046;200;50;197;AmyzCut
8047;200;50;72;Almazan
8048;200;50;147;AmyzCut
8049;200;50;222;AmyzCut
8050;200;150;22;AmyzCut
8051;200;150;97;AmyzCut
8052;200;150;172;Guadalajara
8053;200;150;247;Molina
8054;200;150;47;Amyz-Reuse Requena
8055;200;150;122;Aranjuez
8056;200;150;197;Moya
8057;200;150;72;VallaNeuva
8058;200;150;147;Amyz-Reuse Villarobledo
8059;200;150;222;Alcazar
8060;50;50;21;Trujillo
8061;50;50;96;Alcantara
8062;50;50;171;Llerena
8063;1;1;246;Amyz-Reuse Zafra
8064;50;50;46;Alcaraz
8065;50;50;121;Villena
8066;50;50;196;Caravaca
8067;50;50;71;Cartagena
8068;50;50;146;Lorca
8069;50;50;221;Siles
8070;50;100;21;Amyz-Reuse Baeza
8071;50;100;96;Andujar
8072;50;100;171;AmyzCut
8073;50;100;246;AmyzCut
8074;50;100;46;PalmaDelRio
8075;50;100;121;AmyzCut
8076;50;100;196;AmyzCut
8077;50;100;71;AmyzCut
8078;50;100;146;AmyzCut
8079;50;100;221;Zahara
8080;50;150;21;AmyzCut
8081;50;150;96;AmyzCut
8082;50;150;171;Alhama
8083;50;150;246;Loja
8084;50;150;46;Guadix
8085;50;150;121;Baza
8086;50;150;196;Vera
8087;50;150;71;Huescar
8088;50;150;146;Denia
8089;50;150;221;Maestrazgo
8090;50;200;21;Viana
8091;50;200;96;Valenca
8092;50;200;171;Chaves
8093;50;200;246;Miranda
8094;50;200;46;VilaReal
8095;50;200;121;Moncorvo
8096;50;200;196;AmyzCut
8097;50;200;71;Poenca
8098;50;200;146;AmyzCut
8099;50;200;221;AmyzCut
8100;100;50;21;MarvaoCrato
8101;100;50;96;Elvas
8102;100;50;171;Estremoz
8103;100;50;246;Abrantes
8104;100;50;46;AmyzCut
8105;100;50;121;SantiagoDoCacem
8106;100;50;196;CastroVerde
8107;100;50;71;Faro
8108;100;50;146;AmyzCut
8109;100;50;221;AmyzCut
8110;100;150;21;AmyzCut
8111;100;150;96;AmyzCut
8112;100;150;171;AmyzCut
8113;100;150;246;AmyzCut
8114;100;150;46;Empuries
8115;100;150;121;AmyzCut
8116;100;150;196;AmyzCut
8117;100;150;71;AmyzCut
8118;100;150;146;AmyzCut
8119;100;150;221;AmyzCut
8120;150;50;21;AmyzCut
8121;150;50;96;Almaden


